<?xml version="1.0"?>
<opencv_storage>
<Vehicle0 type_id="opencv-matrix">
  <rows>4</rows>
  <cols>1</cols>
  <dt>f</dt>
  <data>
    -8.88865761e-05 3.50320451e-02 -4.58688641e+00 2.25055344e+02</data></Vehicle0>
<Vehicle1 type_id="opencv-matrix">
  <rows>4</rows>
  <cols>1</cols>
  <dt>f</dt>
  <data>
    -7.46827573e-05 2.89788693e-02 -3.80439830e+00 1.97133820e+02</data></Vehicle1>
<Vehicle2 type_id="opencv-matrix">
  <rows>4</rows>
  <cols>1</cols>
  <dt>f</dt>
  <data>
    -1.16315714e-04 4.43371944e-02 -5.59520721e+00 2.78127808e+02</data></Vehicle2>
<Vehicle3 type_id="opencv-matrix">
  <rows>4</rows>
  <cols>1</cols>
  <dt>f</dt>
  <data>
    -9.70806432e-05 3.76947299e-02 -4.85137272e+00 2.43845291e+02</data></Vehicle3>
<Vehicle4 type_id="opencv-matrix">
  <rows>4</rows>
  <cols>1</cols>
  <dt>f</dt>
  <data>
    -1.22471858e-04 4.74732295e-02 -6.12917042e+00 2.99307159e+02</data></Vehicle4>
<Vehicle5 type_id="opencv-matrix">
  <rows>4</rows>
  <cols>1</cols>
  <dt>f</dt>
  <data>
    -7.55649526e-05 3.04786339e-02 -4.18220997e+00 2.21508942e+02</data></Vehicle5>
<Vehicle6 type_id="opencv-matrix">
  <rows>4</rows>
  <cols>1</cols>
  <dt>f</dt>
  <data>
    -4.94649021e-06 3.62635846e-03 -1.01160181e+00 9.85590057e+01</data></Vehicle6>
<Vehicle7 type_id="opencv-matrix">
  <rows>4</rows>
  <cols>1</cols>
  <dt>f</dt>
  <data>
    -6.91892228e-06 3.18061304e-03 -6.41729712e-01 5.64724274e+01</data></Vehicle7>
</opencv_storage>
